0.000000
0.001327
0.003686
0.007215
0.011907
0.017753
0.024739
0.032862
0.042120
0.052523
0.064050
0.076688
0.090405
0.105152
0.120884
0.137569
0.155143
0.173587
0.192822
0.212786
0.233400
0.254616
0.276360
0.298550
0.321143
0.344077
0.367288
0.390716
0.414371
0.438213
0.462200
0.486301
0.510462
0.534626
0.558739
0.582742
0.606598
0.630248
0.653626
0.676690
0.699392
0.721664
0.743465
0.764749
0.785465
0.805552
0.824982
0.843710
0.861694
0.878876
0.895246
0.910745
0.925342
0.939006
0.951711
0.963430
0.974148
0.983829
0.992487
1.000118
1.006811
1.012655
1.017743
1.022190
1.027867
