0.000000
0.877911
2.437824
4.772011
7.875791
11.742477
16.362709
21.725121
27.817676
34.626334
42.134379
50.325095
59.179092
68.674974
78.791344
89.509481
100.789267
112.624016
124.973610
137.811304
151.103666
164.830637
178.952100
193.434623
208.244775
223.355809
238.720923
254.306684
270.086348
286.013111
302.046854
318.160833
334.314929
350.469026
366.583005
382.616748
398.543511
414.323175
429.908936
445.274049
460.385083
475.195235
489.677757
503.799219
517.526189
530.818551
543.656244
556.005837
567.840586
579.120371
589.838508
599.954877
609.449422
618.302082
626.492797
634.001511
640.814850
646.906069
652.268481
656.888714
660.753396
663.855840
666.189361
667.753960
668.629882
