1.000000
0.998690
0.996350
0.992860
0.988220
0.982440
0.975530
0.967510
0.958400
0.948210
0.936980
0.924730
0.911490
0.897290
0.882160
0.866130
0.849260
0.831560
0.813090
0.793890
0.774010
0.753480
0.732360
0.710700
0.688550
0.665950
0.642970
0.619660
0.596060
0.572240
0.548260
0.524160
0.500000
0.475840
0.451740
0.427760
0.403940
0.380340
0.357030
0.334050
0.311450
0.289300
0.267640
0.246520
0.225990
0.206110
0.186910
0.168440
0.150740
0.133870
0.117840
0.102710
0.088508
0.075266
0.063016
0.051787
0.041604
0.032492
0.024472
0.017562
0.011779
0.007137
0.003646
0.001313
0.000000
0.001313
0.003646
0.007137
0.011779
0.017562
0.024472
0.032492
0.041604
0.051787
0.063016
0.075266
0.088508
0.102710
0.117840
0.133870
0.150740
0.168440
0.186910
0.206110
0.225990
0.246520
0.267640
0.289300
0.311450
0.334050
0.357030
0.380340
0.403940
0.427760
0.451740
0.475840
0.500000
0.524160
0.548260
0.572240
0.596060
0.619660
0.642970
0.665950
0.688550
0.710700
0.732360
0.753480
0.774010
0.793890
0.813090
0.831560
0.849260
0.866130
0.882160
0.897290
0.911490
0.924730
0.936980
0.948210
0.958400
0.967510
0.975530
0.982440
0.988220
0.992860
0.996350
0.998690
1.000000
