0.000000
1.181707
3.281420
6.423339
10.601165
15.805897
22.024935
29.242979
37.443829
46.608585
56.714747
67.739815
79.657688
92.439566
106.056649
120.483738
135.666831
151.596928
168.220030
185.500136
203.392245
221.869359
240.877475
260.371594
280.306716
300.646841
321.328968
342.308096
363.548226
384.986357
406.568490
428.258622
450.002756
471.746889
493.437022
515.019154
536.457285
557.697415
578.676543
599.358670
619.698795
639.633917
659.128036
678.136152
696.613266
714.505375
731.785481
748.408583
764.338680
779.521773
793.948862
807.565945
820.346023
832.262096
843.287164
853.394226
862.565282
870.764332
877.982376
884.201414
889.403446
893.579472
896.720491
898.826504
900.005511
