0.000000
0.000194
0.000540
0.001056
0.001744
0.002599
0.003622
0.004917
0.006551
0.008680
0.011285
0.014393
0.017969
0.021944
0.026254
0.030880
0.035807
0.040993
0.046364
0.051831
0.057286
0.062635
0.067808
0.072630
0.077081
0.080977
0.084245
0.086598
0.088209
0.089230
0.089814
0.090020
0.089851
0.089378
0.088594
0.087554
0.086235
0.084694
0.082919
0.080952
0.078799
0.076469
0.073995
0.071357
0.068591
0.065716
0.062735
0.059635
0.056452
0.053194
0.049875
0.046513
0.043132
0.039752
0.036384
0.033033
0.029709
0.026436
0.023174
0.019935
0.016561
0.013007
0.009305
0.005524
0.000000
-0.005524
-0.009305
-0.013007
-0.016561
-0.019935
-0.023174
-0.026436
-0.029709
-0.033033
-0.036384
-0.039752
-0.043132
-0.046513
-0.049875
-0.053194
-0.056452
-0.059635
-0.062735
-0.065716
-0.068591
-0.071357
-0.073995
-0.076469
-0.078799
-0.080952
-0.082919
-0.084694
-0.086235
-0.087554
-0.088594
-0.089378
-0.089851
-0.090020
-0.089814
-0.089230
-0.088209
-0.086598
-0.084245
-0.080977
-0.077081
-0.072630
-0.067808
-0.062635
-0.057286
-0.051831
-0.046364
-0.040993
-0.035807
-0.030880
-0.026254
-0.021944
-0.017969
-0.014393
-0.011285
-0.008680
-0.006551
-0.004917
-0.003622
-0.002599
-0.001744
-0.001056
-0.000540
-0.000194
0.000000
