0.000000
4.971630
8.374551
11.706372
14.904991
17.941610
20.856728
23.792546
26.738264
29.729882
32.745801
35.777019
38.819038
41.861956
44.887775
47.874893
50.807111
53.671829
56.461846
59.144762
61.732278
64.221693
66.595908
68.822521
70.919534
72.857246
74.627557
76.225067
77.611975
78.799083
79.735088
80.440693
80.866395
81.018496
80.833095
80.307492
79.388586
77.938677
75.820964
72.879746
69.373325
65.367400
61.027574
56.371845
51.557716
46.648186
41.727856
36.893926
32.226497
27.792170
23.628745
19.749721
16.172199
12.953779
10.156562
7.812048
5.895936
4.425327
3.259820
2.339114
1.569610
0.950406
0.486003
0.174601
0.000000
